procs -----------memory---------- ---swap-- -----io---- -system-- ------cpu-----
 r  b   swpd   free   buff  cache   si   so    bi    bo   in   cs us sy id wa st
 1  0      0 2202100  38852 479024    0    0     1    20    1    7  0  0 100  0  0
 0  0      0 2198004  38852 479024    0    0     0     0    2   39  0  0 100  0  0
 0  0      0 2187796  38852 479044    0    0     0     0    3   39  0  0 100  0  0
 0  0      0 2177588  38852 479044    0    0     0     0    2   43  0  0 100  0  0
 0  0      0 2167380  38852 479044    0    0     0     0    1   35  0  0 100  0  0
 0  0      0 2156920  38852 479044    0    0     0     0    1   37  0  0 100  0  0
 0  0      0 2146680  38852 479044    0    0     0     0    4   37  0  0 100  0  0
 0  0      0 2136440  38852 479044    0    0     0     0    2   39  0  0 100  0  0
 0  0      0 2126232  38852 479044    0    0     0     0    2   36  0  0 100  0  0
 0  0      0 2116024  38852 479044    0    0     0     0    2   36  0  0 100  0  0
 0  0      0 2207100  38852 479044    0    0     0     0    8   54  0  1 99  0  0
 0  0      0 2207464  38852 479024    0    0     0     0    3   45  0  0 100  0  0
 0  0      0 2207464  38852 479024    0    0     0     0    1   43  0  0 100  0  0
 0  0      0 2207464  38852 479024    0    0     0     0    2   36  0  0 100  0  0
